{
 "cells": [
  {
   "cell_type": "code",
   "execution_count": 34,
   "metadata": {},
   "outputs": [],
   "source": [
    "import numpy as np\n",
    "from pyriemann.utils.base import logm, expm\n",
    "from scipy.linalg import sqrtm, eigh\n",
    "\n",
    "# Classe CalculCovariance\n",
    "class CalculCovariance:\n",
    "    def __init__(self, p_points, stride):\n",
    "        self.p_points = p_points\n",
    "        self.stride = stride\n",
    "    \n",
    "    def calculer_matrices_covariance(self, donnees):\n",
    "        k, n = donnees.shape\n",
    "        matrices_covariance = []\n",
    "        \n",
    "        for start_index in range(0, n - self.p_points + 1, self.stride):\n",
    "            end_index = start_index + self.p_points\n",
    "            segment = donnees[:, start_index:end_index]\n",
    "            covariance_matrix = np.cov(segment) + np.eye(k) * 1e-6  # Régularisation ajoutée\n",
    "            matrices_covariance.append(covariance_matrix)\n",
    "        \n",
    "        return matrices_covariance"
   ]
  },
  {
   "cell_type": "code",
   "execution_count": 36,
   "metadata": {},
   "outputs": [],
   "source": [
    "# Classe Trajectoire\n",
    "class Trajectoire:\n",
    "    def __init__(self, *covariance_matrices):\n",
    "        self.covariance_matrices = list(covariance_matrices)\n",
    "        self.trajectoire = None\n",
    "    \n",
    "    def ajouter_covariance(self, nouvelle_covariance):\n",
    "        self.covariance_matrices.append(nouvelle_covariance)\n",
    "        self.trajectoire = None\n",
    "    \n",
    "    def calculer_trajectoire(self):\n",
    "        self.trajectoire = sum(self.covariance_matrices)\n",
    "    \n",
    "    def obtenir_covariances(self):\n",
    "        return self.covariance_matrices\n",
    "    \n",
    "    def obtenir_trajectoire(self):\n",
    "        if self.trajectoire is None:\n",
    "            self.calculer_trajectoire()\n",
    "        return self.trajectoire\n",
    "    \n",
    "    def __str__(self):\n",
    "        return (f'Trajectoire avec {len(self.covariance_matrices)} matrices de covariance\\n'\n",
    "                f'Trajectoire actuelle:\\n{self.trajectoire}')"
   ]
  },
  {
   "cell_type": "code",
   "execution_count": 77,
   "metadata": {},
   "outputs": [],
   "source": [
    "# Classe GestionnaireTrajectoires\n",
    "class GestionnaireTrajectoires:\n",
    "    def __init__(self, max_matrices_par_trajectoire, *initial_covariances):\n",
    "        self.trajectoires = []\n",
    "        self.max_matrices_par_trajectoire = max_matrices_par_trajectoire\n",
    "        if initial_covariances:\n",
    "            traj = Trajectoire(*initial_covariances[:max_matrices_par_trajectoire])\n",
    "            self.trajectoires.append(traj)\n",
    "            remaining_covariances = initial_covariances[max_matrices_par_trajectoire:]\n",
    "            while remaining_covariances:\n",
    "                traj = Trajectoire(*remaining_covariances[:max_matrices_par_trajectoire])\n",
    "                self.trajectoires.append(traj)\n",
    "                remaining_covariances = remaining_covariances[max_matrices_par_trajectoire:]\n",
    "    \n",
    "    def ajouter_covariance(self, nouvelles_covariance):\n",
    "        for nouvelle_covariance in nouvelles_covariance:\n",
    "            if not self.trajectoires or len(self.trajectoires[-1].obtenir_covariances()) >= self.max_matrices_par_trajectoire:\n",
    "                self.trajectoires.append(Trajectoire(nouvelle_covariance))\n",
    "            else:\n",
    "                self.trajectoires[-1].ajouter_covariance(nouvelle_covariance)\n",
    "    \n",
    "    def obtenir_trajectoires(self):\n",
    "        return [traj.obtenir_trajectoire() for traj in self.trajectoires]\n",
    "    \n",
    "    def tangent_space_projection(self, A, B):\n",
    "        sqrt_B = sqrtm(B)\n",
    "        sqrt_inv_B = np.linalg.inv(sqrt_B)\n",
    "        transformed_A = np.dot(np.dot(sqrt_inv_B, A), sqrt_inv_B)\n",
    "        log_transformed_A = logm(transformed_A)\n",
    "        return log_transformed_A\n",
    "    \n",
    "    def inverse_tangent_space_projection(self, ProjB_A, B):\n",
    "        sqrt_B = sqrtm(B)\n",
    "        sqrt_inv_B = np.linalg.inv(sqrt_B)\n",
    "        transformed_ProjB_A = np.dot(np.dot(sqrt_inv_B, ProjB_A), sqrt_inv_B)\n",
    "        exp_transformed_ProjB_A = expm(transformed_ProjB_A)\n",
    "        original_A = np.dot(np.dot(sqrt_B, exp_transformed_ProjB_A), sqrt_B)\n",
    "        return original_A\n",
    "    \n",
    "    def transport_vector(self, Delta, A, B):\n",
    "        inv_B = np.linalg.inv(B)\n",
    "        A_invB = np.dot(A, inv_B)\n",
    "        E = sqrtm(A_invB)\n",
    "        transported_Delta = np.dot(np.dot(E, Delta), E.T)\n",
    "        return transported_Delta\n",
    "\n",
    "    def projeter_et_transporter(self):\n",
    "        if len(self.trajectoires) == 0:\n",
    "            return\n",
    "\n",
    "        for traj in self.trajectoires:\n",
    "            covariances = traj.obtenir_covariances()\n",
    "            print(covariances[0])\n",
    "            projected_covariances = []\n",
    "\n",
    "            for i in range(len(covariances) - 1):\n",
    "                proj = self.tangent_space_projection(covariances[i], covariances[i + 1])\n",
    "                if projected_covariances:\n",
    "                    for j in range(len(projected_covariances)):\n",
    "                        projected_covariances[j] = self.transport_vector(projected_covariances[j], covariances[i], covariances[i + 1])\n",
    "                projected_covariances.append(proj)\n",
    "\n",
    "            # Ajouter la dernière covariance sans projection car elle est déjà au bon endroit\n",
    "            projected_covariances.append(covariances[-1])\n",
    "\n",
    "            # Remplacer les covariances dans la trajectoire par les covariances projetées et transportées\n",
    "            traj.covariance_matrices = projected_covariances\n",
    "\n",
    "            # Calculer la trajectoire après projection et transport\n",
    "            traj.calculer_trajectoire()\n",
    "    \n",
    "    def __str__(self):\n",
    "        result = ''\n",
    "        for i, traj in enumerate(self.trajectoires):\n",
    "            result += f'Trajectoire {i+1}:\\n{traj}\\n'\n",
    "        return result"
   ]
  },
  {
   "cell_type": "code",
   "execution_count": 78,
   "metadata": {},
   "outputs": [],
   "source": [
    "import numpy as np\n",
    "import mne\n",
    "\n",
    "class GenerateurDonnees:\n",
    "    def __init__(self, channels=3, sfreq=256.0, duration=0.1, change=5.0, A1=2.0e-6, A2=0.0e-6, sd=2.0e-6):\n",
    "        self.channels = channels\n",
    "        self.sfreq = sfreq\n",
    "        self.duration = duration\n",
    "        self.change = change\n",
    "        self.frequencies = 10.0 + 2.0 * np.random.rand(channels)\n",
    "        self.phases = 2.0 * np.pi * np.random.rand(channels)\n",
    "        self.A1 = A1\n",
    "        self.A2 = A2\n",
    "        self.sd = sd\n",
    "        self.info = mne.create_info([f'EEG{n:03}' for n in range(1, channels + 1)],\n",
    "                                    ch_types=['eeg'] * channels, sfreq=sfreq)\n",
    "\n",
    "    def generer_donnees(self):\n",
    "        samples = int(self.sfreq * self.duration)\n",
    "        t = np.linspace(0, self.duration, samples, endpoint=False)\n",
    "        A = self.A1 + (t > self.change).astype(float) * (self.A2 - self.A1)\n",
    "        data = A * np.cos(np.outer(self.frequencies, t) + np.outer(self.phases, np.ones(samples)))\n",
    "        data += np.random.normal(0, self.sd, size=(self.channels, samples))\n",
    "        raw = mne.io.RawArray(data, self.info)\n",
    "        return raw\n",
    "\n",
    "    def exporter_donnees(self, filename='dummy.edf'):\n",
    "        raw = self.generer_donnees()\n",
    "        mne.export.export_raw(filename, raw, fmt='edf', overwrite=True)\n",
    "\n",
    "\n",
    "\n",
    "\n",
    "\n"
   ]
  },
  {
   "cell_type": "code",
   "execution_count": 13,
   "metadata": {},
   "outputs": [
    {
     "name": "stdout",
     "output_type": "stream",
     "text": [
      "Creating RawArray with float64 data, n_channels=3, n_times=2560\n",
      "    Range : 0 ... 2559 =      0.000 ...     9.996 secs\n",
      "Ready.\n"
     ]
    }
   ],
   "source": [
    "# Usage example\n",
    "generateur = GenerateurDonnees()\n",
    "donnees = generateur.generer_donnees()"
   ]
  },
  {
   "cell_type": "code",
   "execution_count": 88,
   "metadata": {},
   "outputs": [],
   "source": [
    "# Fonction de test\n",
    "def test_gestionnaire_trajectoires(donnees, p_points, stride, nb_cov_matrix_per_traj, file):\n",
    "    file.write(\"----- Test GestionnaireTrajectoires -----\\n\")\n",
    "    file.write(f\"Données:\\n{donnees}\\n\")\n",
    "    file.write(f\"p_points: {p_points}\\n\")\n",
    "    file.write(f\"stride: {stride}\\n\")\n",
    "    file.write(f\"Nombre max de matrices par trajectoire: {nb_cov_matrix_per_traj}\\n\")\n",
    "\n",
    "    calcul_cov = CalculCovariance(p_points, stride)\n",
    "    matrices_covariance = calcul_cov.calculer_matrices_covariance(donnees)\n",
    "    gestionnaire = GestionnaireTrajectoires(nb_cov_matrix_per_traj, *matrices_covariance)\n",
    "    gestionnaire.projeter_et_transporter()\n",
    "    file.write(\"État initial des trajectoires:\\n\")\n",
    "    file.write(str(gestionnaire) + \"\\n\")\n",
    "\n",
    "    #calcul_cov1 = CalculCovariance(p_points, stride)\n",
    "    #matrices_covariance1 = calcul_cov1.calculer_matrices_covariance(donnees1)\n",
    "    #nouvelle_covariance = np.cov(donnees[:, -p_points:]) + np.eye(donnees.shape[0]) * 1e-6\n",
    "    #gestionnaire.ajouter_covariance(matrices_covariance1)\n",
    "    #gestionnaire.projeter_et_transporter()\n",
    "    \n",
    "    file.write(\"État des trajectoires après ajout de la nouvelle covariance:\\n\")\n",
    "    file.write(str(gestionnaire) + \"\\n\")\n",
    "    return gestionnaire\n",
    "\n",
    "def test_gestionnaire_trajectoires_apres_ajout(gestionnaire, donnees, p_points, stride, nb_cov_matrix_per_traj, file):\n",
    "    file.write(\"----- Test GestionnaireTrajectoires -----\\n\")\n",
    "    file.write(f\"Données:\\n{donnees}\\n\")\n",
    "    file.write(f\"p_points: {p_points}\\n\")\n",
    "    file.write(f\"stride: {stride}\\n\")\n",
    "    file.write(f\"Nombre max de matrices par trajectoire: {nb_cov_matrix_per_traj}\\n\")\n",
    "    calcul_cov = CalculCovariance(p_points, stride)\n",
    "    matrices_covariance = calcul_cov.calculer_matrices_covariance(donnees)\n",
    "    #nouvelle_covariance = np.cov(donnees[:, -p_points:]) + np.eye(donnees.shape[0]) * 1e-6\n",
    "    gestionnaire.ajouter_covariance(matrices_covariance)\n",
    "    gestionnaire.projeter_et_transporter()\n"
   ]
  },
  {
   "cell_type": "code",
   "execution_count": 89,
   "metadata": {},
   "outputs": [
    {
     "name": "stdout",
     "output_type": "stream",
     "text": [
      "Creating RawArray with float64 data, n_channels=3, n_times=25\n",
      "    Range : 0 ... 24 =      0.000 ...     0.094 secs\n",
      "Ready.\n",
      "Creating RawArray with float64 data, n_channels=3, n_times=25\n",
      "    Range : 0 ... 24 =      0.000 ...     0.094 secs\n",
      "Ready.\n",
      "[[ 1.00000068e-06 -1.07196406e-12 -7.05727206e-13]\n",
      " [-1.07196406e-12  1.00000428e-06  5.33990361e-12]\n",
      " [-7.05727206e-13  5.33990361e-12  1.00000763e-06]]\n",
      "[[ 1.00000240e-06 -1.60294667e-12 -3.96234635e-12]\n",
      " [-1.60294667e-12  1.00000511e-06  3.91698704e-12]\n",
      " [-3.96234635e-12  3.91698704e-12  1.00000694e-06]]\n",
      "[[ 1.00000497e-06  4.40099216e-12  5.79790434e-13]\n",
      " [ 4.40099216e-12  1.00000498e-06 -1.41667039e-12]\n",
      " [ 5.79790434e-13 -1.41667039e-12  1.00000353e-06]]\n",
      "[[1.00000762e-06 2.38217003e-12 1.72923645e-12]\n",
      " [2.38217003e-12 1.00000133e-06 9.78452312e-13]\n",
      " [1.72923645e-12 9.78452312e-13 1.00000072e-06]]\n",
      "[[ 1.00000493e-06  4.38776289e-12 -1.15271594e-12]\n",
      " [ 4.38776289e-12  1.00000393e-06 -1.03586984e-12]\n",
      " [-1.15271594e-12 -1.03586984e-12  1.00000027e-06]]\n",
      "[[ 1.00000785e-06 -3.18623025e-13  7.98967814e-12]\n",
      " [-3.18623025e-13  1.00000105e-06  1.14284194e-12]\n",
      " [ 7.98967814e-12  1.14284194e-12  1.00001022e-06]]\n",
      "[[ 1.00000588e-06 -1.17517012e-12 -3.95306987e-12]\n",
      " [-1.17517012e-12  1.00000038e-06  6.40002170e-13]\n",
      " [-3.95306987e-12  6.40002170e-13  1.00000281e-06]]\n",
      "[[ 1.00000256e-06 -3.34040727e-13 -1.17120738e-12]\n",
      " [-3.34040727e-13  1.00001603e-06  4.04799446e-12]\n",
      " [-1.17120738e-12  4.04799446e-12  1.00000148e-06]]\n",
      "[[ 1.00000010e-06 -6.28168471e-13 -7.00197359e-14]\n",
      " [-6.28168471e-13  1.00000969e-06  1.28307129e-12]\n",
      " [-7.00197359e-14  1.28307129e-12  1.00000017e-06]]\n",
      "[[1.00000193e-06 9.03847949e-14 2.32169578e-13]\n",
      " [9.03847949e-14 1.00000199e-06 1.25901098e-12]\n",
      " [2.32169578e-13 1.25901098e-12 1.00000081e-06]]\n",
      "[[1.00000206e-06 1.45317965e-12 1.42686100e-12]\n",
      " [1.45317965e-12 1.00000117e-06 3.36111005e-13]\n",
      " [1.42686100e-12 3.36111005e-13 1.00000404e-06]]\n",
      "[[ 1.00000029e-06 -4.85819695e-13  2.28246942e-13]\n",
      " [-4.85819695e-13  1.00000132e-06 -5.56095932e-13]\n",
      " [ 2.28246942e-13 -5.56095932e-13  1.00000024e-06]]\n",
      "[[ 1.00000068e-06 -1.07196406e-12 -7.05727206e-13]\n",
      " [-1.07196406e-12  1.00000428e-06  5.33990361e-12]\n",
      " [-7.05727206e-13  5.33990361e-12  1.00000763e-06]]\n",
      "[[1.00000762e-06 2.38217003e-12 1.72923645e-12]\n",
      " [2.38217003e-12 1.00000133e-06 9.78452312e-13]\n",
      " [1.72923645e-12 9.78452312e-13 1.00000072e-06]]\n",
      "[[ 1.00000588e-06 -1.17517012e-12 -3.95306987e-12]\n",
      " [-1.17517012e-12  1.00000038e-06  6.40002170e-13]\n",
      " [-3.95306987e-12  6.40002170e-13  1.00000281e-06]]\n",
      "[[1.00000193e-06 9.03847949e-14 2.32169578e-13]\n",
      " [9.03847949e-14 1.00000199e-06 1.25901098e-12]\n",
      " [2.32169578e-13 1.25901098e-12 1.00000081e-06]]\n",
      "[[ 1.00000068e-06 -1.07196406e-12 -7.05727206e-13]\n",
      " [-1.07196406e-12  1.00000428e-06  5.33990361e-12]\n",
      " [-7.05727206e-13  5.33990361e-12  1.00000763e-06]]\n",
      "[[ 1.00000588e-06 -1.17517012e-12 -3.95306987e-12]\n",
      " [-1.17517012e-12  1.00000038e-06  6.40002170e-13]\n",
      " [-3.95306987e-12  6.40002170e-13  1.00000281e-06]]\n"
     ]
    },
    {
     "ename": "",
     "evalue": "",
     "output_type": "error",
     "traceback": [
      "\u001b[1;31mThe Kernel crashed while executing code in the current cell or a previous cell. \n",
      "\u001b[1;31mPlease review the code in the cell(s) to identify a possible cause of the failure. \n",
      "\u001b[1;31mClick <a href='https://aka.ms/vscodeJupyterKernelCrash'>here</a> for more info. \n",
      "\u001b[1;31mView Jupyter <a href='command:jupyter.viewOutput'>log</a> for further details."
     ]
    }
   ],
   "source": [
    "if __name__ == \"__main__\":\n",
    "\n",
    "    generateur = GenerateurDonnees()\n",
    "    donnees = generateur.generer_donnees()\n",
    "    donnees = donnees.get_data()\n",
    "\n",
    "    generateur1 = GenerateurDonnees()\n",
    "    donnees1 = generateur.generer_donnees()\n",
    "    donnees1 = donnees1.get_data()\n",
    "\n",
    "    scenarios = [\n",
    "        (donnees, 3, 1, 2),\n",
    "        (donnees, 3, 2, 3),\n",
    "        (donnees, 3, 3, 4),\n",
    "    ]\n",
    "\n",
    "    scenarios1 = [\n",
    "        (donnees1, 3, 1, 2),\n",
    "        (donnees1, 3, 2, 3),\n",
    "        (donnees1, 3, 3, 4),\n",
    "    ]\n",
    "\n",
    "\n",
    "    with open(\"resultats_tests.txt\", \"w\") as file:\n",
    "        for donnees, p_points, stride, nb_cov_matrix_per_traj in scenarios:\n",
    "            gestionnaire=test_gestionnaire_trajectoires(donnees, p_points, stride, nb_cov_matrix_per_traj, file)\n",
    "\n",
    "    #with open(\"resultats_tests_apres_ajout.txt\", \"w\") as file:\n",
    "        #for donnees1, p_points, stride, nb_cov_matrix_per_traj in scenarios1:\n",
    "            #test_gestionnaire_trajectoires_apres_ajout(gestionnaire,donnees1, p_points, stride, nb_cov_matrix_per_traj, file)"
   ]
  }
 ],
 "metadata": {
  "kernelspec": {
   "display_name": "py38",
   "language": "python",
   "name": "python3"
  },
  "language_info": {
   "codemirror_mode": {
    "name": "ipython",
    "version": 3
   },
   "file_extension": ".py",
   "mimetype": "text/x-python",
   "name": "python",
   "nbconvert_exporter": "python",
   "pygments_lexer": "ipython3",
   "version": "3.8.18"
  }
 },
 "nbformat": 4,
 "nbformat_minor": 2
}
