Trajectoire initiale:
Trajectoire 1:
Trajectoire avec 5 matrices de covariance
Trajectoire actuelle:
[[ 8.69441749e-05  8.30567322e-05  8.13574513e-05  7.49330275e-05
   8.14786482e-05  8.20482094e-05  7.16450337e-05  7.55326430e-05
   7.90761680e-05  7.93112833e-05  7.97332306e-05  7.88301957e-05
   6.02512821e-05  8.07446500e-05  8.35384620e-05  8.26486090e-05
   8.12124669e-05  8.14671479e-05  9.25753943e-05  9.37242409e-05
   9.22277134e-05  9.78191043e-05  3.14294393e-05  1.62878365e-04
  -8.80626035e-05  2.92667123e-02]
 [ 8.30567321e-05  8.97555650e-05  8.22860382e-05  7.30895497e-05
   8.04501685e-05  8.20586922e-05  7.98973635e-05  8.52007142e-05
   8.56210447e-05  8.24101110e-05  8.18788025e-05  8.15744909e-05
   6.46392337e-05  8.95846152e-05  9.09009270e-05  8.69377866e-05
   8.24112758e-05  8.43250348e-05  9.83781316e-05  9.64122976e-05
   9.13326950e-05  9.48416577e-05  2.78691486e-05  1.62988141e-04
  -8.04449916e-05  4.69152426e-02]
 [ 8.13574513e-05  8.22860382e-05  7.86175692e-05  7.03698158e-05
   7.80420748e-05  8.05205051e-05  7.28474210e-05  7.65331407e-05
   7.85850243e-05  7.68406934e-05  7.79578686e-05  7.89639883e-05
   6.29457936e-05  8.09809152e-05  8.33188978e-05  8.02847920e-05
   7.78249022e-05  8.09938092e-05  9.12734535e-05  9.09435352e-05
   8.78335844e-05  9.09029201e-05  2.97492314e-05  1.57134247e-04
  -7.72604691e-05  5.26631425e-02]
 [ 7.49330274e-05  7.30895497e-05  7.03698158e-05  6.49457805e-05
   7.17622319e-05  7.42972942e-05  6.15816067e-05  6.59104746e-05
   6.99381222e-05  6.91989765e-05  7.12858339e-05  7.30445551e-05
   5.79774904e-05  7.08678531e-05  7.38844160e-05  7.27381586e-05
   7.18677283e-05  7.51701775e-05  8.17767408e-05  8.31201846e-05
   8.21160847e-05  8.43264286e-05  2.72648513e-05  1.40306662e-04
  -7.07496869e-05  5.65365111e-02]
 [ 8.14786482e-05  8.04501685e-05  7.80420748e-05  7.17622319e-05
   7.96219067e-05  7.98896113e-05  6.90682985e-05  7.39374881e-05
   7.85137831e-05  7.82829695e-05  7.97053913e-05  7.98287992e-05
   6.17322293e-05  8.05800141e-05  8.38042990e-05  8.28348211e-05
   8.12943726e-05  8.28132943e-05  9.25876194e-05  9.40707043e-05
   9.23823384e-05  9.59540612e-05  2.84577477e-05  1.49834351e-04
  -7.79603786e-05  4.41732912e-02]
 [ 8.20482093e-05  8.20586922e-05  8.05205051e-05  7.42972942e-05
   7.98896113e-05  8.02447734e-05  6.89395605e-05  7.51187119e-05
   8.08577702e-05  8.17550912e-05  8.14589642e-05  8.00592053e-05
   5.97698371e-05  8.08296282e-05  8.49804094e-05  8.49880235e-05
   8.28784753e-05  8.21561658e-05  9.12633456e-05  9.34203602e-05
   9.14303963e-05  9.34563736e-05  2.72832590e-05  1.41001218e-04
  -7.94590112e-05  4.01780161e-02]
 [ 7.16450337e-05  7.98973635e-05  7.28474210e-05  6.15816067e-05
   6.90682985e-05  6.89395605e-05  7.52682399e-05  8.04141389e-05
   7.90733520e-05  7.60094662e-05  7.44307754e-05  7.09751254e-05
   5.59900118e-05  8.73094168e-05  8.72149922e-05  8.33315645e-05
   7.44777512e-05  7.54164263e-05  9.29646644e-05  8.95147048e-05
   8.10472909e-05  8.46709597e-05  2.19425922e-05  1.58040741e-04
  -6.79920672e-05  1.20993207e-02]
 [ 7.55326430e-05  8.52007143e-05  7.65331407e-05  6.59104746e-05
   7.39374881e-05  7.51187119e-05  8.04141389e-05  8.79822051e-05
   8.46263790e-05  7.89714407e-05  7.78992270e-05  7.61392166e-05
   6.12645051e-05  9.35673022e-05  9.20807483e-05  8.52946853e-05
   7.75159997e-05  7.97412504e-05  9.84843365e-05  9.44141391e-05
   8.60557561e-05  8.93911668e-05  2.40229693e-05  1.54096182e-04
  -7.26674087e-05  4.91415868e-02]
 [ 7.90761679e-05  8.56210447e-05  7.85850243e-05  6.99381222e-05
   7.85137831e-05  8.08577702e-05  7.90733520e-05  8.46263790e-05
   8.61088538e-05  8.14490020e-05  8.18073397e-05  8.17059171e-05
   6.61799733e-05  9.06921061e-05  9.19603039e-05  8.67610609e-05
   8.14129768e-05  8.48798112e-05  9.89525668e-05  9.70669496e-05
   9.11366263e-05  9.28689948e-05  2.55846882e-05  1.53443565e-04
  -7.48161483e-05  5.67264025e-02]
 [ 7.93112833e-05  8.24101110e-05  7.68406934e-05  6.91989765e-05
   7.82829695e-05  8.17550912e-05  7.60094662e-05  7.89714407e-05
   8.14490020e-05  7.96224524e-05  8.10301654e-05  8.26787463e-05
   6.81958988e-05  8.56027037e-05  8.78920823e-05  8.35691002e-05
   8.09156164e-05  8.53659639e-05  9.64752475e-05  9.58111839e-05
   9.25446236e-05  9.44803181e-05  2.73254777e-05  1.53113272e-04
  -7.44844277e-05  5.18323506e-02]
 [ 7.97332306e-05  8.18788025e-05  7.79578686e-05  7.12858339e-05
   7.97053913e-05  8.14589642e-05  7.44307754e-05  7.78992270e-05
   8.18073397e-05  8.10301654e-05  8.46856980e-05  8.46020992e-05
   6.73816665e-05  8.49699379e-05  8.83820735e-05  8.59860322e-05
   8.44969923e-05  8.75059488e-05  9.64160295e-05  9.74427412e-05
   9.47885959e-05  9.61976054e-05  2.77212263e-05  1.48347956e-04
  -7.63267902e-05  4.81285133e-02]
 [ 7.88301957e-05  8.15744909e-05  7.89639883e-05  7.30445551e-05
   7.98287992e-05  8.00592053e-05  7.09751254e-05  7.61392166e-05
   8.17059171e-05  8.26787463e-05  8.46020992e-05  8.58889255e-05
   6.54941334e-05  8.06176190e-05  8.57001710e-05  8.55936247e-05
   8.51784505e-05  8.63624399e-05  9.03408695e-05  9.29579270e-05
   9.11881410e-05  8.95317033e-05  2.63950562e-05  1.37511838e-04
  -7.05894349e-05  3.83830045e-02]
 [ 6.02512821e-05  6.46392337e-05  6.29457936e-05  5.79774904e-05
   6.17322293e-05  5.97698371e-05  5.59900118e-05  6.12645051e-05
   6.61799733e-05  6.81958988e-05  6.73816665e-05  6.54941334e-05
   4.92573292e-05  6.51350168e-05  6.94048800e-05  7.03850877e-05
   6.85997502e-05  6.68089208e-05  7.04557531e-05  7.34883425e-05
   7.13905626e-05  6.79261442e-05  1.74874579e-05  9.87788210e-05
  -5.76642992e-05  3.42109653e-02]
 [ 8.07446500e-05  8.95846152e-05  8.09809152e-05  7.08678531e-05
   8.05800141e-05  8.08296282e-05  8.73094168e-05  9.35673022e-05
   9.06921061e-05  8.56027037e-05  8.49699379e-05  8.06176190e-05
   6.51350168e-05  1.02331379e-04  1.00600178e-04  9.25583906e-05
   8.20967262e-05  8.41896341e-05  1.07395679e-04  1.01523467e-04
   9.05403866e-05  9.54908852e-05  2.41784021e-05  1.64948490e-04
  -7.21841494e-05  4.49063663e-02]
 [ 8.35384620e-05  9.09009270e-05  8.33188978e-05  7.38844160e-05
   8.38042990e-05  8.49804094e-05  8.72149922e-05  9.20807483e-05
   9.19603039e-05  8.78920823e-05  8.83820735e-05  8.57001710e-05
   6.94048800e-05  1.00600178e-04  1.02589994e-04  9.46511880e-05
   8.65806099e-05  8.91272580e-05  1.09362782e-04  1.05329849e-04
   9.62963338e-05  1.00484561e-04  2.53377478e-05  1.66298069e-04
  -7.77196262e-05  4.33642744e-02]
 [ 8.26486090e-05  8.69377866e-05  8.02847920e-05  7.27381586e-05
   8.28348211e-05  8.49880235e-05  8.33315645e-05  8.52946853e-05
   8.67610609e-05  8.35691002e-05  8.59860322e-05  8.55936247e-05
   7.03850877e-05  9.25583906e-05  9.46511880e-05  8.96235498e-05
   8.40429302e-05  8.74654995e-05  1.02896503e-04  1.00299915e-04
   9.39128755e-05  9.72130321e-05  2.68487714e-05  1.59189419e-04
  -7.53820012e-05  3.23720888e-02]
 [ 8.12124669e-05  8.24112758e-05  7.78249022e-05  7.18677283e-05
   8.12943726e-05  8.28784753e-05  7.44777512e-05  7.75159997e-05
   8.14129768e-05  8.09156164e-05  8.44969923e-05  8.51784505e-05
   6.85997502e-05  8.20967262e-05  8.65806099e-05  8.40429302e-05
   8.28269160e-05  8.59787280e-05  9.21303462e-05  9.24092454e-05
   8.85456386e-05  8.80203797e-05  2.96444933e-05  1.52076581e-04
  -6.55863374e-05  3.73072968e-02]
 [ 8.14671479e-05  8.43250348e-05  8.09938092e-05  7.51701775e-05
   8.28132943e-05  8.21561658e-05  7.54164263e-05  7.97412504e-05
   8.48798112e-05  8.53659639e-05  8.75059488e-05  8.63624399e-05
   6.68089208e-05  8.41896341e-05  8.91272580e-05  8.74654995e-05
   8.59787280e-05  8.84263946e-05  9.31038319e-05  9.41507037e-05
   9.07577541e-05  8.90723742e-05  2.71443252e-05  1.45668147e-04
  -7.04028742e-05  2.94796364e-02]
 [ 9.25753943e-05  9.83781316e-05  9.12734535e-05  8.17767408e-05
   9.25876194e-05  9.12633456e-05  9.29646644e-05  9.84843365e-05
   9.89525668e-05  9.64752475e-05  9.64160295e-05  9.03408695e-05
   7.04557531e-05  1.07395679e-04  1.09362782e-04  1.02896503e-04
   9.21303462e-05  9.31038319e-05  1.18766211e-04  1.11814517e-04
   1.00102771e-04  1.06949518e-04  2.59736323e-05  1.83841452e-04
  -7.82283658e-05  2.06364303e-02]
 [ 9.37242409e-05  9.64122976e-05  9.09435352e-05  8.31201846e-05
   9.40707043e-05  9.34203602e-05  8.95147048e-05  9.44141391e-05
   9.70669496e-05  9.58111839e-05  9.74427412e-05  9.29579270e-05
   7.34883425e-05  1.01523467e-04  1.05329849e-04  1.00299915e-04
   9.24092454e-05  9.41507037e-05  1.11814517e-04  1.08820163e-04
   9.82993964e-05  1.01713487e-04  2.86661556e-05  1.80134573e-04
  -7.23464951e-05  2.13940930e-02]
 [ 9.22277134e-05  9.13326950e-05  8.78335844e-05  8.21160847e-05
   9.23823384e-05  9.14303963e-05  8.10472909e-05  8.60557561e-05
   9.11366263e-05  9.25446236e-05  9.47885959e-05  9.11881410e-05
   7.13905626e-05  9.05403866e-05  9.62963338e-05  9.39128755e-05
   8.85456386e-05  9.07577541e-05  1.00102771e-04  9.82993964e-05
   9.20370937e-05  9.10040045e-05  3.14747815e-05  1.72267281e-04
  -6.33284064e-05  1.17084035e-02]
 [ 9.78191043e-05  9.48416577e-05  9.09029201e-05  8.43264286e-05
   9.59540612e-05  9.34563736e-05  8.46709597e-05  8.93911668e-05
   9.28689948e-05  9.44803181e-05  9.61976054e-05  8.95317033e-05
   6.79261442e-05  9.54908852e-05  1.00484561e-04  9.72130321e-05
   8.80203797e-05  8.90723742e-05  1.06949518e-04  1.01713487e-04
   9.10040045e-05  9.80621674e-05  3.13790320e-05  1.92797448e-04
  -6.25001462e-05  2.59683946e-03]
 [ 3.14294393e-05  2.78691486e-05  2.97492314e-05  2.72648513e-05
   2.84577477e-05  2.72832590e-05  2.19425922e-05  2.40229693e-05
   2.55846882e-05  2.73254777e-05  2.77212263e-05  2.63950562e-05
   1.74874579e-05  2.41784021e-05  2.53377478e-05  2.68487714e-05
   2.96444933e-05  2.71443252e-05  2.59736323e-05  2.86661556e-05
   3.14747815e-05  3.13790320e-05  1.15889289e-05  6.61842137e-05
  -4.39334261e-05 -2.23109498e-02]
 [ 1.62878365e-04  1.62988141e-04  1.57134247e-04  1.40306662e-04
   1.49834351e-04  1.41001218e-04  1.58040741e-04  1.54096182e-04
   1.53443565e-04  1.53113272e-04  1.48347956e-04  1.37511838e-04
   9.87788210e-05  1.64948490e-04  1.66298069e-04  1.59189419e-04
   1.52076581e-04  1.45668147e-04  1.83841452e-04  1.80134573e-04
   1.72267281e-04  1.92797448e-04  6.61842137e-05  3.64880270e-04
  -2.04796041e-04 -1.20438016e-01]
 [-8.80626035e-05 -8.04449916e-05 -7.72604691e-05 -7.07496869e-05
  -7.79603786e-05 -7.94590112e-05 -6.79920672e-05 -7.26674087e-05
  -7.48161483e-05 -7.44844277e-05 -7.63267902e-05 -7.05894349e-05
  -5.76642992e-05 -7.21841494e-05 -7.77196262e-05 -7.53820012e-05
  -6.55863374e-05 -7.04028742e-05 -7.82283658e-05 -7.23464951e-05
  -6.33284064e-05 -6.25001462e-05 -4.39334261e-05 -2.04796041e-04
   1.68352725e-05  1.43625536e-01]
 [ 2.92667123e-02  4.69152426e-02  5.26631425e-02  5.65365111e-02
   4.41732912e-02  4.01780161e-02  1.20993207e-02  4.91415868e-02
   5.67264025e-02  5.18323506e-02  4.81285133e-02  3.83830045e-02
   3.42109653e-02  4.49063663e-02  4.33642744e-02  3.23720888e-02
   3.73072968e-02  2.94796364e-02  2.06364303e-02  2.13940930e-02
   1.17084035e-02  2.59683946e-03 -2.23109498e-02 -1.20438016e-01
   1.43625536e-01  1.10080064e+01]]
Trajectoire 2:
Trajectoire avec 5 matrices de covariance
Trajectoire actuelle:
[[-4.22559425e-06 -4.58137576e-07  7.16212663e-06  4.73325275e-06
   1.34140424e-06 -3.19188606e-06  4.52973540e-06  1.51633792e-05
   1.94424465e-05  1.95593705e-05  7.33815758e-06  1.52031895e-06
  -1.10536989e-05  1.63125940e-05  1.94936226e-05  1.97990000e-05
  -7.25683067e-07 -9.45925619e-06  1.16349153e-05 -6.08917500e-06
  -2.15189119e-05 -3.08577858e-05  1.47520179e-06 -4.45242318e-06
   2.17500323e-06  0.00000000e+00]
 [-4.58137576e-07  4.30472059e-06  9.92589268e-06  1.04171399e-05
   6.03533294e-06  3.11413802e-06  2.21851205e-06  1.40112523e-05
   1.80886355e-05  1.98492661e-05  1.02809038e-05  6.86551508e-06
  -7.47532450e-06  1.36001565e-05  1.73436633e-05  2.10632734e-05
   4.69300504e-06 -2.82725916e-06  1.40068922e-05  6.66812216e-07
  -1.14507823e-05 -1.75363280e-05  5.83827838e-06  2.45917163e-06
   2.94855287e-06  0.00000000e+00]
 [ 7.16212663e-06  9.92589268e-06  1.87763101e-05  1.80582766e-05
   1.19724331e-05  6.22654844e-06  8.40880787e-06  2.17091486e-05
   2.56851545e-05  2.61733985e-05  1.47137824e-05  8.05962760e-06
  -8.80974274e-06  2.02963304e-05  2.29732019e-05  2.39116297e-05
   5.07554044e-06 -4.75684707e-06  1.61216475e-05 -1.75935408e-06
  -1.63951423e-05 -2.52629971e-05  9.85114706e-06  6.37526920e-06
   2.43148192e-06  0.00000000e+00]
 [ 4.73325275e-06  1.04171399e-05  1.80582766e-05  1.73392295e-05
   8.83131098e-06  1.07891670e-06  1.01929616e-05  2.34405781e-05
   2.75921353e-05  2.60077497e-05  1.12323484e-05  1.70747781e-06
  -1.39740718e-05  2.07894714e-05  2.39665760e-05  2.25147817e-05
   2.79559366e-07 -1.15870781e-05  1.38114906e-05 -5.97615359e-06
  -2.29458510e-05 -3.21423285e-05  1.04289098e-05  3.22552624e-06
   1.90511612e-06  0.00000000e+00]
 [ 1.34140424e-06  6.03533294e-06  1.19724331e-05  8.83131098e-06
   2.15245026e-06 -6.03343480e-06  7.43738048e-06  1.65417090e-05
   1.85264407e-05  1.42409598e-05 -4.85618446e-07 -1.10475556e-05
  -2.02785369e-05  1.15010453e-05  1.27585276e-05  8.01646500e-06
  -1.42036526e-05 -2.55594224e-05  1.00497062e-06 -2.00889655e-05
  -3.66501936e-05 -4.37776782e-05  1.04400516e-05  4.94898526e-06
   2.97124106e-06  0.00000000e+00]
 [-3.19188606e-06  3.11413802e-06  6.22654844e-06  1.07891670e-06
  -6.03343480e-06 -1.12827928e-05  6.27535231e-06  1.13964345e-05
   1.12780489e-05  5.20519065e-06 -9.10296428e-06 -1.97321542e-05
  -2.46205734e-05  4.92475415e-06  5.03616202e-06 -1.45711806e-06
  -2.18886115e-05 -3.27489819e-05 -6.21367638e-06 -2.57420588e-05
  -4.12292565e-05 -4.49174367e-05  1.00759315e-05  5.33957765e-06
   3.22311874e-06  0.00000000e+00]
 [ 4.52973540e-06  2.21851205e-06  8.40880787e-06  1.01929616e-05
   7.43738048e-06  6.27535231e-06  4.15598420e-08  5.59606507e-06
   9.00572364e-06  9.75368668e-06  6.08008441e-06  3.83329995e-06
  -2.61567592e-06  1.99767724e-06  4.93293856e-06  6.84697203e-06
  -2.07899891e-07 -3.97412154e-06  2.69120051e-06 -5.32116864e-06
  -9.84409011e-06 -1.37098230e-05  9.97390574e-06  9.89630109e-06
   9.86210339e-06  0.00000000e+00]
 [ 1.51633792e-05  1.40112523e-05  2.17091486e-05  2.34405781e-05
   1.65417090e-05  1.13964345e-05  5.59606507e-06  1.75911046e-05
   2.17144663e-05  2.36800955e-05  1.52366645e-05  8.74848862e-06
  -5.43803848e-06  1.09287413e-05  1.53684378e-05  1.79409472e-05
   6.12814688e-06 -2.11958486e-06  1.11585186e-05 -1.10861080e-06
  -9.78199984e-06 -1.66789653e-05  1.68434123e-05  1.59159635e-05
   1.01591144e-05  0.00000000e+00]
 [ 1.94424465e-05  1.80886355e-05  2.56851545e-05  2.75921353e-05
   1.85264407e-05  1.12780489e-05  9.00572364e-06  2.17144663e-05
   2.65663691e-05  2.62438572e-05  1.54391585e-05  7.04815253e-06
  -1.06282148e-05  1.47977346e-05  1.71934709e-05  1.74205729e-05
   1.57032121e-06 -8.26085990e-06  9.73011880e-06 -7.86571103e-06
  -2.00704143e-05 -2.91375538e-05  2.00152225e-05  1.74215005e-05
   8.62279818e-06  0.00000000e+00]
 [ 1.95593705e-05  1.98492661e-05  2.61733985e-05  2.60077497e-05
   1.42409598e-05  5.20519065e-06  9.75368668e-06  2.36800955e-05
   2.62438572e-05  2.52973621e-05  9.13217778e-06 -1.89276773e-06
  -1.88053412e-05  1.48033910e-05  1.64040936e-05  1.37073868e-05
  -6.08116716e-06 -1.80385804e-05  5.76854645e-06 -1.48113879e-05
  -3.00926377e-05 -3.92487951e-05  2.44252409e-05  1.96900240e-05
   9.66296240e-06  0.00000000e+00]
 [ 7.33815758e-06  1.02809038e-05  1.47137824e-05  1.12323484e-05
  -4.85618447e-07 -9.10296428e-06  6.08008441e-06  1.52366645e-05
   1.54391585e-05  9.13217778e-06 -6.93439413e-06 -2.02513714e-05
  -2.78036917e-05  5.12407950e-06  4.62872391e-06 -2.69834021e-06
  -2.45212169e-05 -3.64865104e-05 -8.05626828e-06 -3.09621205e-05
  -4.69103815e-05 -5.20290827e-05  1.86469039e-05  1.31609976e-05
   6.13491215e-06  0.00000000e+00]
 [ 1.52031895e-06  6.86551508e-06  8.05962760e-06  1.70747781e-06
  -1.10475556e-05 -1.97321542e-05  3.83329995e-06  8.74848862e-06
   7.04815253e-06 -1.89276773e-06 -2.02513714e-05 -3.27358985e-05
  -3.60757030e-05 -3.40757355e-06 -4.84796050e-06 -1.47258795e-05
  -3.58714177e-05 -4.82441553e-05 -1.73362050e-05 -3.91352664e-05
  -5.47970358e-05 -5.49933624e-05  1.80354070e-05  1.11738649e-05
   2.75455688e-06  0.00000000e+00]
 [-1.10536989e-05 -7.47532450e-06 -8.80974274e-06 -1.39740718e-05
  -2.02785369e-05 -2.46205734e-05 -2.61567592e-06 -5.43803848e-06
  -1.06282148e-05 -1.88053412e-05 -2.78036917e-05 -3.60757030e-05
  -3.27909943e-05 -1.21295522e-05 -1.79423813e-05 -2.74167005e-05
  -3.93232960e-05 -4.54834240e-05 -2.36350860e-05 -4.08295332e-05
  -4.96667043e-05 -4.66661525e-05  1.03453983e-05  4.99558137e-06
  -1.69037544e-06  0.00000000e+00]
 [ 1.63125940e-05  1.36001565e-05  2.02963304e-05  2.07894714e-05
   1.15010453e-05  4.92475415e-06  1.99767724e-06  1.09287413e-05
   1.47977346e-05  1.48033910e-05  5.12407950e-06 -3.40757355e-06
  -1.21295522e-05  2.64828929e-06  3.60155076e-06  2.89141091e-06
  -6.06965087e-06 -1.42755555e-05 -1.41780108e-06 -1.33939052e-05
  -1.88806372e-05 -2.26617895e-05  2.05523929e-05  1.93779658e-05
   1.36060108e-05  0.00000000e+00]
 [ 1.94936226e-05  1.73436633e-05  2.29732019e-05  2.39665760e-05
   1.27585276e-05  5.03616202e-06  4.93293856e-06  1.53684378e-05
   1.71934709e-05  1.64040936e-05  4.62872391e-06 -4.84796050e-06
  -1.79423813e-05  3.60155076e-06  4.69858138e-06  1.68337928e-06
  -1.13061745e-05 -2.07622687e-05 -3.92236015e-06 -2.10765625e-05
  -3.02665119e-05 -3.59896969e-05  2.47262757e-05  2.14834698e-05
   1.13039790e-05  0.00000000e+00]
 [ 1.97990000e-05  2.10632734e-05  2.39116297e-05  2.25147817e-05
   8.01646500e-06 -1.45711806e-06  6.84697203e-06  1.79409472e-05
   1.74205729e-05  1.37073868e-05 -2.69834021e-06 -1.47258795e-05
  -2.74167005e-05  2.89141092e-06  1.68337928e-06 -2.44121962e-06
  -2.03211423e-05 -3.21580609e-05 -9.38084389e-06 -2.93932754e-05
  -4.17354813e-05 -4.64485801e-05  2.89659174e-05  2.29113091e-05
   9.83312850e-06  0.00000000e+00]
 [-7.25683067e-07  4.69300504e-06  5.07554044e-06  2.79559366e-07
  -1.42036526e-05 -2.18886115e-05 -2.07899892e-07  6.12814688e-06
   1.57032121e-06 -6.08116716e-06 -2.45212169e-05 -3.58714177e-05
  -3.93232960e-05 -6.06965087e-06 -1.13061745e-05 -2.03211423e-05
  -3.92597076e-05 -5.15730091e-05 -2.12974012e-05 -4.44210926e-05
  -5.78580355e-05 -5.75329435e-05  2.00146899e-05  1.04309950e-05
   1.81190219e-06  0.00000000e+00]
 [-9.45925619e-06 -2.82725916e-06 -4.75684707e-06 -1.15870781e-05
  -2.55594224e-05 -3.27489819e-05 -3.97412154e-06 -2.11958486e-06
  -8.26085990e-06 -1.80385804e-05 -3.64865104e-05 -4.82441553e-05
  -4.54834240e-05 -1.42755555e-05 -2.07622687e-05 -3.21580609e-05
  -5.15730091e-05 -6.13663569e-05 -3.06616824e-05 -5.33045802e-05
  -6.64152000e-05 -6.22063393e-05  1.66375262e-05  6.48409139e-06
  -2.39327872e-06  0.00000000e+00]
 [ 1.16349153e-05  1.40068922e-05  1.61216475e-05  1.38114906e-05
   1.00497062e-06 -6.21367638e-06  2.69120051e-06  1.11585186e-05
   9.73011880e-06  5.76854645e-06 -8.05626828e-06 -1.73362050e-05
  -2.36350860e-05 -1.41780108e-06 -3.92236015e-06 -9.38084389e-06
  -2.12974012e-05 -3.06616824e-05 -1.07364152e-05 -2.75671135e-05
  -3.48774876e-05 -3.57466599e-05  2.30086948e-05  1.49094088e-05
   9.44944823e-06  0.00000000e+00]
 [-6.08917500e-06  6.66812216e-07 -1.75935408e-06 -5.97615359e-06
  -2.00889655e-05 -2.57420588e-05 -5.32116864e-06 -1.10861080e-06
  -7.86571103e-06 -1.48113879e-05 -3.09621205e-05 -3.91352664e-05
  -4.08295332e-05 -1.33939052e-05 -2.10765625e-05 -2.93932754e-05
  -4.44210926e-05 -5.33045802e-05 -2.75671135e-05 -4.66823228e-05
  -5.65330280e-05 -5.25494946e-05  2.00796912e-05  7.10155186e-06
   1.73454464e-06  0.00000000e+00]
 [-2.15189119e-05 -1.14507823e-05 -1.63951423e-05 -2.29458510e-05
  -3.66501936e-05 -4.12292565e-05 -9.84409011e-06 -9.78199984e-06
  -2.00704143e-05 -3.00926377e-05 -4.69103815e-05 -5.47970358e-05
  -4.96667043e-05 -1.88806372e-05 -3.02665119e-05 -4.17354813e-05
  -5.78580355e-05 -6.64152000e-05 -3.48774876e-05 -5.65330280e-05
  -6.47341540e-05 -5.69198524e-05  1.31007794e-05 -2.10223208e-06
  -6.62126343e-06  0.00000000e+00]
 [-3.08577858e-05 -1.75363280e-05 -2.52629971e-05 -3.21423285e-05
  -4.37776782e-05 -4.49174367e-05 -1.37098230e-05 -1.66789653e-05
  -2.91375538e-05 -3.92487951e-05 -5.20290827e-05 -5.49933624e-05
  -4.66661525e-05 -2.26617895e-05 -3.59896969e-05 -4.64485801e-05
  -5.75329435e-05 -6.22063393e-05 -3.57466599e-05 -5.25494946e-05
  -5.69198524e-05 -4.38011351e-05  7.93632142e-06 -1.03207611e-05
  -7.82724317e-06  0.00000000e+00]
 [ 1.47520179e-06  5.83827838e-06  9.85114706e-06  1.04289098e-05
   1.04400516e-05  1.00759315e-05  9.97390574e-06  1.68434123e-05
   2.00152225e-05  2.44252409e-05  1.86469039e-05  1.80354070e-05
   1.03453983e-05  2.05523929e-05  2.47262757e-05  2.89659174e-05
   2.00146899e-05  1.66375262e-05  2.30086948e-05  2.00796912e-05
   1.31007794e-05  7.93632142e-06 -4.58972915e-06 -1.36748070e-05
   2.71131182e-06  0.00000000e+00]
 [-4.45242318e-06  2.45917163e-06  6.37526920e-06  3.22552624e-06
   4.94898526e-06  5.33957765e-06  9.89630109e-06  1.59159635e-05
   1.74215005e-05  1.96900240e-05  1.31609976e-05  1.11738649e-05
   4.99558137e-06  1.93779658e-05  2.14834698e-05  2.29113091e-05
   1.04309950e-05  6.48409139e-06  1.49094088e-05  7.10155186e-06
  -2.10223208e-06 -1.03207611e-05 -1.36748070e-05 -1.31279727e-05
  -6.49222160e-06  0.00000000e+00]
 [ 2.17500323e-06  2.94855287e-06  2.43148192e-06  1.90511612e-06
   2.97124106e-06  3.22311874e-06  9.86210338e-06  1.01591144e-05
   8.62279818e-06  9.66296240e-06  6.13491215e-06  2.75455688e-06
  -1.69037544e-06  1.36060108e-05  1.13039790e-05  9.83312850e-06
   1.81190219e-06 -2.39327872e-06  9.44944823e-06  1.73454464e-06
  -6.62126343e-06 -7.82724317e-06  2.71131182e-06 -6.49222160e-06
   6.89481725e-06  0.00000000e+00]
 [ 0.00000000e+00  0.00000000e+00  0.00000000e+00  0.00000000e+00
   0.00000000e+00  0.00000000e+00  0.00000000e+00  0.00000000e+00
   0.00000000e+00  0.00000000e+00  0.00000000e+00  0.00000000e+00
   0.00000000e+00  0.00000000e+00  0.00000000e+00  0.00000000e+00
   0.00000000e+00  0.00000000e+00  0.00000000e+00  0.00000000e+00
   0.00000000e+00  0.00000000e+00  0.00000000e+00  0.00000000e+00
   0.00000000e+00  1.00000000e-06]]
Trajectoire 3:
Trajectoire avec 5 matrices de covariance
Trajectoire actuelle:
[[ 2.36295819e-05  1.40474192e-05  1.57148481e-05  1.32093465e-05
   1.17085164e-05  8.49344846e-06  1.53087509e-05  9.13126102e-06
   1.00190112e-05  5.11715008e-06  4.02923125e-06  5.67071850e-06
   4.63819715e-06  8.51588639e-06  6.57146803e-06  7.20733442e-07
   5.19281835e-06  8.93161332e-06  1.02133887e-05  6.13012672e-06
   7.14353111e-06  4.21917501e-06  5.97140307e-06  2.20924497e-05
   1.60827695e-06  0.00000000e+00]
 [ 1.40474192e-05  1.10064095e-05  1.13469806e-05  7.81798175e-06
   6.56191642e-06  1.92630447e-06  1.56472603e-05  1.04034788e-05
   1.20717868e-05  6.79532784e-06  4.15578653e-06  2.33395466e-06
  -3.28712252e-08  1.02398488e-05  8.37231268e-06  5.39254653e-06
   6.03867634e-06  6.04159268e-06  9.76417660e-06  7.36272539e-06
   6.64711952e-06  3.59905495e-06 -4.21085979e-06  1.67629550e-05
  -8.89341831e-06  0.00000000e+00]
 [ 1.57148481e-05  1.13469806e-05  1.45069314e-05  9.16340937e-06
   8.20784245e-06  2.68054938e-06  1.72782014e-05  1.13796046e-05
   1.39384806e-05  8.77401155e-06  5.87644241e-06  4.99278449e-06
   2.24882427e-06  1.13444040e-05  1.11277905e-05  7.73184727e-06
   9.60322576e-06  1.05428003e-05  1.30332159e-05  1.04139099e-05
   1.02997644e-05  6.36830643e-06 -3.84834307e-06  1.67708444e-05
  -8.27724453e-06  0.00000000e+00]
 [ 1.32093465e-05  7.81798175e-06  9.16340937e-06  4.87313736e-06
   2.81613630e-06 -2.42847768e-06  1.50171252e-05  5.24076115e-06
   5.49879853e-06  6.22586624e-07 -1.54555681e-06  5.55662968e-07
  -7.38237492e-07  4.28536594e-06  2.40219742e-06 -1.56205269e-06
   2.82179555e-06  6.50000499e-06  7.96095447e-06  3.17014328e-06
   4.78671562e-06  1.86167913e-06 -2.80599729e-06  8.77544407e-06
  -1.01546401e-05  0.00000000e+00]
 [ 1.17085164e-05  6.56191642e-06  8.20784245e-06  2.81613630e-06
   3.73543570e-06 -5.94587644e-07  1.30680088e-05  3.70195856e-06
   4.66272971e-06  5.88915400e-07 -9.70170737e-08  4.45465791e-06
   2.38648154e-06  4.23998367e-06  2.54651929e-06 -4.66166043e-07
   5.49646011e-06  1.03197660e-05  6.99097218e-06  4.20192649e-06
   6.14684099e-06  8.54398617e-07 -2.21109424e-06  6.71516544e-06
  -1.00333040e-05  0.00000000e+00]
 [ 8.49344846e-06  1.92630447e-06  2.68054938e-06 -2.42847768e-06
  -5.94587643e-07 -6.71073069e-07  8.53814900e-06 -8.13975689e-07
  -6.86256087e-07 -4.86455710e-06 -2.94412445e-06  3.23464450e-06
   2.04662692e-06  3.74599274e-07 -2.20660837e-06 -4.47163408e-06
   2.66858893e-06  8.53957549e-06  3.36691708e-06  1.32690582e-06
   3.91357699e-06 -1.31169388e-06  1.31607037e-07  5.79895261e-06
  -7.27041462e-06  0.00000000e+00]
 [ 1.53087509e-05  1.56472603e-05  1.72782014e-05  1.50171252e-05
   1.30680088e-05  8.53814900e-06  2.09529254e-05  2.05887422e-05
   2.28969638e-05  1.83498910e-05  1.54484655e-05  1.05723327e-05
   3.64038705e-06  2.18554706e-05  2.01424665e-05  1.97986389e-05
   1.62619270e-05  1.16804922e-05  1.71912466e-05  1.91353878e-05
   1.44116451e-05  1.12180028e-05 -6.09290580e-06  1.18735726e-05
  -1.30510493e-05  0.00000000e+00]
 [ 9.13126102e-06  1.04034788e-05  1.13796046e-05  5.24076115e-06
   3.70195856e-06 -8.13975689e-07  2.05887422e-05  1.83188980e-05
   1.73283391e-05  1.01210226e-05  5.95928984e-06  3.10646023e-06
  -1.49407985e-07  1.81532894e-05  1.55658670e-05  1.21897684e-05
   9.23141758e-06  6.29911323e-06  1.37929052e-05  1.25510699e-05
   7.45253242e-06  4.37097407e-06 -6.46796772e-06  9.13635761e-06
  -1.72251754e-05  0.00000000e+00]
 [ 1.00190112e-05  1.20717868e-05  1.39384806e-05  5.49879853e-06
   4.66272971e-06 -6.86256087e-07  2.28969638e-05  1.73283391e-05
   1.88277358e-05  1.14435443e-05  7.18930394e-06  6.46557866e-06
   3.95289814e-06  1.78161944e-05  1.76527835e-05  1.30279324e-05
   1.33720478e-05  1.28087480e-05  1.87507706e-05  1.44828900e-05
   1.17728969e-05  6.86956317e-06 -7.59431854e-06  8.79688099e-06
  -1.78853008e-05  0.00000000e+00]
 [ 5.11715008e-06  6.79532784e-06  8.77401156e-06  6.22586625e-07
   5.88915400e-07 -4.86455710e-06  1.83498910e-05  1.01210226e-05
   1.14435443e-05  6.36864871e-06  3.05210710e-06  3.73432578e-06
   9.69193259e-07  1.10836809e-05  9.99453439e-06  6.39651265e-06
   9.28986074e-06  1.08535367e-05  1.30694365e-05  9.78023779e-06
   9.30033662e-06  4.50520279e-06 -9.17093682e-06  2.44122342e-06
  -1.94997668e-05  0.00000000e+00]
 [ 4.02923125e-06  4.15578653e-06  5.87644241e-06 -1.54555681e-06
  -9.70170740e-08 -2.94412445e-06  1.54484655e-05  5.95928984e-06
   7.18930394e-06  3.05210710e-06  4.70667630e-06  8.06600595e-06
   4.61277244e-06  7.91351765e-06  7.35720666e-06  5.70710140e-06
   1.20737685e-05  1.62909319e-05  1.11843604e-05  1.04356560e-05
   1.18724840e-05  3.81954794e-06 -5.57187689e-06  2.89350409e-07
  -1.69556456e-05  0.00000000e+00]
 [ 5.67071850e-06  2.33395466e-06  4.99278449e-06  5.55662968e-07
   4.45465791e-06  3.23464450e-06  1.05723327e-05  3.10646023e-06
   6.46557866e-06  3.73432578e-06  8.06600595e-06  1.25386592e-05
   7.82914716e-06  5.41103464e-06  5.06039405e-06  5.32955110e-06
   1.25271790e-05  1.66151434e-05  5.80622250e-06  8.83789143e-06
   1.05043259e-05 -3.39016677e-09 -2.36588394e-06  8.43980614e-07
  -9.86513425e-06  0.00000000e+00]
 [ 4.63819715e-06 -3.28712254e-08  2.24882427e-06 -7.38237491e-07
   2.38648154e-06  2.04662692e-06  3.64038705e-06 -1.49407985e-07
   3.95289814e-06  9.69193259e-07  4.61277244e-06  7.82914716e-06
   8.22450424e-06  1.71024988e-06  1.72242015e-06  2.93910347e-06
   8.16559471e-06  1.19957728e-05  2.29829697e-06  5.48178332e-06
   7.03229923e-06 -2.11822697e-06  1.37699533e-07  4.72019544e-06
  -2.16696880e-06  0.00000000e+00]
 [ 8.51588639e-06  1.02398488e-05  1.13444040e-05  4.28536594e-06
   4.23998367e-06  3.74599274e-07  2.18554706e-05  1.81532894e-05
   1.78161944e-05  1.10836809e-05  7.91351765e-06  5.41103464e-06
   1.71024988e-06  1.95759135e-05  1.71172471e-05  1.39186536e-05
   1.10402663e-05  7.66301621e-06  1.33534819e-05  1.26218096e-05
   6.56292474e-06  1.59002545e-06 -5.80023928e-06  4.58941082e-06
  -1.85499872e-05  0.00000000e+00]
 [ 6.57146803e-06  8.37231268e-06  1.11277905e-05  2.40219742e-06
   2.54651929e-06 -2.20660837e-06  2.01424665e-05  1.55658670e-05
   1.76527835e-05  9.99453439e-06  7.35720666e-06  5.06039405e-06
   1.72242015e-06  1.71172471e-05  1.83318476e-05  1.35096145e-05
   1.24973647e-05  1.01935966e-05  1.49038731e-05  1.42786358e-05
   9.02516826e-06  2.91286387e-06 -6.52037537e-06  5.10512012e-06
  -1.91399909e-05  0.00000000e+00]
 [ 7.20733442e-07  5.39254653e-06  7.73184727e-06 -1.56205269e-06
  -4.66166044e-07 -4.47163407e-06  1.97986389e-05  1.21897684e-05
   1.30279324e-05  6.39651265e-06  5.70710140e-06  5.32955110e-06
   2.93910347e-06  1.39186536e-05  1.35096145e-05  1.03998961e-05
   1.15894393e-05  1.16885885e-05  1.33025571e-05  1.18031249e-05
   8.74259887e-06  1.44093734e-06 -7.99801636e-06 -3.53930560e-06
  -2.24581435e-05  0.00000000e+00]
 [ 5.19281835e-06  6.03867634e-06  9.60322576e-06  2.82179555e-06
   5.49646011e-06  2.66858893e-06  1.62619270e-05  9.23141758e-06
   1.33720478e-05  9.28986074e-06  1.20737685e-05  1.25271790e-05
   8.16559471e-06  1.10402663e-05  1.24973647e-05  1.15894393e-05
   1.86741524e-05  1.92693019e-05  1.16453535e-05  1.52323824e-05
   1.46910750e-05  4.25053792e-06 -3.24587974e-06  2.97539606e-06
  -1.22961835e-05  0.00000000e+00]
 [ 8.93161332e-06  6.04159268e-06  1.05428003e-05  6.50000499e-06
   1.03197660e-05  8.53957549e-06  1.16804922e-05  6.29911323e-06
   1.28087480e-05  1.08535367e-05  1.62909319e-05  1.66151434e-05
   1.19957728e-05  7.66301621e-06  1.01935966e-05  1.16885885e-05
   1.92693019e-05  2.24168499e-05  7.16472939e-06  1.46419801e-05
   1.51927631e-05  2.33286790e-06  1.67773957e-06  6.51312411e-06
  -3.72600150e-06  0.00000000e+00]
 [ 1.02133887e-05  9.76417660e-06  1.30332159e-05  7.96095447e-06
   6.99097218e-06  3.36691708e-06  1.71912466e-05  1.37929052e-05
   1.87507706e-05  1.30694365e-05  1.11843604e-05  5.80622250e-06
   2.29829697e-06  1.33534819e-05  1.49038731e-05  1.33025571e-05
   1.16453535e-05  7.16472939e-06  5.80086649e-06  1.30852441e-05
   6.27641099e-06 -3.17016121e-07  4.90063772e-07  6.62307781e-06
  -1.09475025e-05  0.00000000e+00]
 [ 6.13012672e-06  7.36272539e-06  1.04139099e-05  3.17014328e-06
   4.20192649e-06  1.32690582e-06  1.91353878e-05  1.25510699e-05
   1.44828900e-05  9.78023779e-06  1.04356560e-05  8.83789143e-06
   5.48178332e-06  1.26218096e-05  1.42786358e-05  1.18031249e-05
   1.52323824e-05  1.46419801e-05  1.30852441e-05  1.58676201e-05
   1.20820190e-05  2.99067044e-06 -1.75535292e-06 -2.10019546e-06
  -1.67395021e-05  0.00000000e+00]
 [ 7.14353111e-06  6.64711952e-06  1.02997644e-05  4.78671562e-06
   6.14684099e-06  3.91357699e-06  1.44116451e-05  7.45253242e-06
   1.17728969e-05  9.30033662e-06  1.18724840e-05  1.05043259e-05
   7.03229923e-06  6.56292474e-06  9.02516826e-06  8.74259887e-06
   1.46910750e-05  1.51927631e-05  6.27641099e-06  1.20820190e-05
   1.21625891e-05  5.16725226e-07  3.46647990e-06  6.91835455e-07
  -8.71284304e-06  0.00000000e+00]
 [ 4.21917501e-06  3.59905495e-06  6.36830643e-06  1.86167912e-06
   8.54398617e-07 -1.31169388e-06  1.12180028e-05  4.37097407e-06
   6.86956317e-06  4.50520279e-06  3.81954794e-06 -3.39016680e-09
  -2.11822697e-06  1.59002545e-06  2.91286387e-06  1.44093734e-06
   4.25053792e-06  2.33286790e-06 -3.17016121e-07  2.99067044e-06
   5.16725226e-07 -6.23486535e-06  3.86685977e-06 -5.55643660e-06
  -1.14829764e-05  0.00000000e+00]
 [ 5.97140307e-06 -4.21085979e-06 -3.84834307e-06 -2.80599729e-06
  -2.21109424e-06  1.31607037e-07 -6.09290580e-06 -6.46796772e-06
  -7.59431854e-06 -9.17093682e-06 -5.57187689e-06 -2.36588394e-06
   1.37699533e-07 -5.80023928e-06 -6.52037537e-06 -7.99801636e-06
  -3.24587974e-06  1.67773957e-06  4.90063772e-07 -1.75535292e-06
   3.46647990e-06  3.86685977e-06  1.20445637e-05  2.97639720e-05
   1.18228283e-05  0.00000000e+00]
 [ 2.20924497e-05  1.67629550e-05  1.67708444e-05  8.77544407e-06
   6.71516544e-06  5.79895261e-06  1.18735726e-05  9.13635761e-06
   8.79688099e-06  2.44122342e-06  2.89350408e-07  8.43980614e-07
   4.72019544e-06  4.58941082e-06  5.10512012e-06 -3.53930560e-06
   2.97539606e-06  6.51312411e-06  6.62307781e-06 -2.10019546e-06
   6.91835455e-07 -5.55643660e-06  2.97639720e-05  7.86291342e-05
   2.67681435e-05  0.00000000e+00]
 [ 1.60827695e-06 -8.89341831e-06 -8.27724453e-06 -1.01546401e-05
  -1.00333040e-05 -7.27041462e-06 -1.30510493e-05 -1.72251754e-05
  -1.78853008e-05 -1.94997668e-05 -1.69556456e-05 -9.86513425e-06
  -2.16696880e-06 -1.85499872e-05 -1.91399909e-05 -2.24581435e-05
  -1.22961835e-05 -3.72600150e-06 -1.09475025e-05 -1.67395021e-05
  -8.71284304e-06 -1.14829764e-05  1.18228283e-05  2.67681435e-05
   1.90280510e-05  0.00000000e+00]
 [ 0.00000000e+00  0.00000000e+00  0.00000000e+00  0.00000000e+00
   0.00000000e+00  0.00000000e+00  0.00000000e+00  0.00000000e+00
   0.00000000e+00  0.00000000e+00  0.00000000e+00  0.00000000e+00
   0.00000000e+00  0.00000000e+00  0.00000000e+00  0.00000000e+00
   0.00000000e+00  0.00000000e+00  0.00000000e+00  0.00000000e+00
   0.00000000e+00  0.00000000e+00  0.00000000e+00  0.00000000e+00
   0.00000000e+00  1.00000000e-06]]
Trajectoire 4:
Trajectoire avec 3 matrices de covariance
Trajectoire actuelle:
[[-3.73116339e-05 -4.97731147e-05 -4.72655922e-05 -3.81647514e-05
  -3.24386265e-05 -3.03849451e-05 -3.98120099e-05 -4.32866672e-05
  -3.32035474e-05 -2.84780234e-05 -2.36629445e-05 -2.44446161e-05
  -2.23541200e-05 -3.50035631e-05 -3.25880223e-05 -2.49115249e-05
  -2.21849914e-05 -2.61094808e-05 -3.01598231e-05 -2.83722088e-05
  -2.79369608e-05 -3.69658678e-05 -7.87381442e-06 -3.25890193e-06
   2.47106795e-05 -5.12189192e-05]
 [-4.97731147e-05 -5.93344391e-05 -6.15861086e-05 -5.43852298e-05
  -4.56708729e-05 -3.97754506e-05 -4.43014996e-05 -5.26447758e-05
  -4.73353405e-05 -4.60392809e-05 -3.79794747e-05 -3.38871755e-05
  -2.51384857e-05 -4.14421740e-05 -4.26600071e-05 -3.67728589e-05
  -3.30942965e-05 -3.25888461e-05 -3.78478416e-05 -3.65093502e-05
  -3.39615874e-05 -4.19248743e-05 -9.18846894e-06 -1.10484029e-05
   1.54699643e-05 -2.94190239e-05]
 [-4.72655922e-05 -6.15861086e-05 -5.85122407e-05 -5.03596561e-05
  -4.19850880e-05 -3.78450824e-05 -4.99653265e-05 -5.54126654e-05
  -4.72559589e-05 -4.31019411e-05 -3.48862775e-05 -3.30211625e-05
  -2.74650598e-05 -4.55104689e-05 -4.42453205e-05 -3.63586625e-05
  -3.32125897e-05 -3.39625894e-05 -4.32505881e-05 -3.88135060e-05
  -3.71853545e-05 -4.73116917e-05 -1.04049946e-05 -1.20836231e-05
   1.72664476e-05 -1.03687916e-04]
 [-3.81647514e-05 -5.43852298e-05 -5.03596561e-05 -3.91442197e-05
  -3.20183968e-05 -2.89348802e-05 -4.78004883e-05 -4.86926496e-05
  -3.74149020e-05 -3.31843089e-05 -2.51319193e-05 -2.56312445e-05
  -2.28779274e-05 -3.86278493e-05 -3.67374397e-05 -2.82193654e-05
  -2.54316547e-05 -2.78662921e-05 -3.75984625e-05 -3.19420602e-05
  -3.07925918e-05 -4.14435965e-05 -1.27642496e-05 -5.58044143e-06
   2.07612132e-05 -7.94764142e-05]
 [-3.24386265e-05 -4.56708729e-05 -4.19850880e-05 -3.20183968e-05
  -2.72480555e-05 -2.81878371e-05 -4.15395321e-05 -4.06850832e-05
  -2.87723341e-05 -2.50776167e-05 -1.99592438e-05 -2.31939605e-05
  -2.19487133e-05 -3.01413709e-05 -2.86938220e-05 -2.05292114e-05
  -1.97827647e-05 -2.39514071e-05 -2.93873451e-05 -2.34223787e-05
  -2.36898914e-05 -3.14391420e-05 -1.30999709e-05 -4.82262444e-06
   1.62114514e-05 -4.96619043e-05]
 [-3.03849451e-05 -3.97754506e-05 -3.78450824e-05 -2.89348802e-05
  -2.81878371e-05 -2.80199908e-05 -3.71256208e-05 -3.53181624e-05
  -2.42870330e-05 -2.25462753e-05 -1.94725115e-05 -2.28111067e-05
  -2.08767517e-05 -2.35787875e-05 -2.41860014e-05 -1.77402435e-05
  -1.79131471e-05 -2.19748302e-05 -2.44834059e-05 -1.91962914e-05
  -1.99196880e-05 -2.44429374e-05 -1.68222268e-05 -5.89170786e-06
   9.63227958e-06  2.94294283e-05]
 [-3.98120099e-05 -4.43014996e-05 -4.99653265e-05 -4.78004883e-05
  -4.15395321e-05 -3.71256208e-05 -2.72258561e-05 -4.08655511e-05
  -4.18143714e-05 -4.23078249e-05 -3.72235624e-05 -3.17260271e-05
  -2.35716743e-05 -3.49411433e-05 -3.72900088e-05 -3.51294147e-05
  -3.28766343e-05 -3.10297100e-05 -3.16099333e-05 -3.81283345e-05
  -3.62029388e-05 -4.40792324e-05 -1.34596848e-06 -1.69872999e-05
   2.92250870e-06 -1.67939695e-07]
 [-4.32866672e-05 -5.26447758e-05 -5.54126654e-05 -4.86926496e-05
  -4.06850832e-05 -3.53181624e-05 -4.08655511e-05 -4.62522355e-05
  -4.31621390e-05 -4.27275564e-05 -3.45083244e-05 -3.01248228e-05
  -2.29684800e-05 -3.63184709e-05 -3.86753349e-05 -3.30607104e-05
  -3.07770669e-05 -2.90221788e-05 -3.60171995e-05 -3.46756459e-05
  -3.25694352e-05 -4.18245109e-05 -8.60904689e-06 -1.46973445e-05
   8.55578781e-06 -3.81710187e-05]
 [-3.32035474e-05 -4.73353405e-05 -4.72559589e-05 -3.74149020e-05
  -2.87723341e-05 -2.42870330e-05 -4.18143714e-05 -4.31621390e-05
  -3.34903412e-05 -3.32348566e-05 -2.29620053e-05 -2.20830000e-05
  -1.77486949e-05 -3.26201419e-05 -3.34779576e-05 -2.55837075e-05
  -2.36728361e-05 -2.35797609e-05 -3.51218334e-05 -2.94274297e-05
  -2.79008611e-05 -3.94667219e-05 -9.56054579e-06 -6.27320406e-06
   1.50048185e-05 -1.30514503e-04]
 [-2.84780234e-05 -4.60392809e-05 -4.31019411e-05 -3.31843089e-05
  -2.50776167e-05 -2.25462753e-05 -4.23078249e-05 -4.27275564e-05
  -3.32348566e-05 -2.96070647e-05 -2.12233673e-05 -2.19748850e-05
  -1.86278921e-05 -3.38009450e-05 -3.28037778e-05 -2.52038571e-05
  -2.34942000e-05 -2.46782330e-05 -3.67451359e-05 -3.04860706e-05
  -2.92771396e-05 -4.16701138e-05 -1.07711181e-05 -8.20729072e-06
   1.35215184e-05 -1.51411663e-04]
 [-2.36629445e-05 -3.79794747e-05 -3.48862775e-05 -2.51319193e-05
  -1.99592438e-05 -1.94725115e-05 -3.72235624e-05 -3.45083244e-05
  -2.29620053e-05 -2.12233673e-05 -1.28831063e-05 -1.73675319e-05
  -1.63244172e-05 -2.38643799e-05 -2.35106178e-05 -1.57327614e-05
  -1.52975719e-05 -1.83639904e-05 -2.57399950e-05 -1.90657171e-05
  -1.88953780e-05 -2.71468425e-05 -1.21523610e-05 -4.60458507e-06
   1.12325693e-05 -7.27387473e-05]
 [-2.44446161e-05 -3.38871755e-05 -3.30211625e-05 -2.56312445e-05
  -2.31939605e-05 -2.28111067e-05 -3.17260271e-05 -3.01248228e-05
  -2.20830000e-05 -2.19748850e-05 -1.73675319e-05 -1.69191059e-05
  -1.52925389e-05 -1.88064947e-05 -2.05315822e-05 -1.55803071e-05
  -1.51427041e-05 -1.64433333e-05 -1.91132863e-05 -1.66815576e-05
  -1.63941594e-05 -2.12954988e-05 -1.45320653e-05 -1.12704362e-05
   2.51412281e-06 -1.07454798e-06]
 [-2.23541200e-05 -2.51384857e-05 -2.74650598e-05 -2.28779274e-05
  -2.19487133e-05 -2.08767517e-05 -2.35716743e-05 -2.29684800e-05
  -1.77486949e-05 -1.86278921e-05 -1.63244172e-05 -1.52925389e-05
  -1.41179941e-05 -1.43618856e-05 -1.73534884e-05 -1.40039068e-05
  -1.34010480e-05 -1.45841918e-05 -1.39346422e-05 -1.62811738e-05
  -1.59406918e-05 -1.95248887e-05 -1.27666172e-05 -1.43420331e-05
  -3.88235992e-06  2.95768378e-05]
 [-3.50035631e-05 -4.14421740e-05 -4.55104689e-05 -3.86278493e-05
  -3.01413709e-05 -2.35787875e-05 -3.49411433e-05 -3.63184709e-05
  -3.26201419e-05 -3.38009450e-05 -2.38643799e-05 -1.88064947e-05
  -1.43618856e-05 -2.43837894e-05 -2.93848344e-05 -2.25986364e-05
  -2.09592743e-05 -1.72454600e-05 -2.96063353e-05 -2.47607776e-05
  -2.21641574e-05 -3.18563543e-05 -1.01433730e-05 -1.24685821e-05
   3.92578283e-06 -2.49618234e-05]
