----- Test GestionnaireTrajectoires -----
Données:
[[ 2.77307856e-06  4.41126537e-06  3.79706641e-06  1.74334744e-06
   7.59566395e-07  3.95467475e-06 -3.34480224e-07 -1.10118007e-07
   4.55362223e-06  1.26026134e-06  3.29351071e-07  4.64751706e-06
  -6.03630882e-07 -9.38680612e-07  3.41903334e-06  2.67658751e-07
   1.35466388e-06  1.32676956e-06  1.87846533e-06  2.97645781e-08
  -8.45252395e-07  1.95464250e-06  1.10110934e-06  2.04947253e-06
   2.02428555e-06]
 [ 8.16147344e-07 -1.28695026e-06 -3.31963410e-06  1.06070861e-06
  -2.09341162e-06  2.18532081e-06 -1.04994200e-06  5.42549006e-07
   1.18655733e-06 -1.96384732e-06 -2.47653430e-06 -1.35706808e-06
  -4.35137684e-07  3.85495095e-07 -8.16980241e-07 -1.81556645e-06
   5.56409152e-06  1.01350324e-06 -3.92675838e-07  1.62675385e-06
  -1.08975270e-06  7.17234579e-07  8.47769751e-07 -1.41597517e-06
   5.59463116e-08]
 [ 2.72935729e-06  1.79245074e-06 -2.45401476e-06  1.88275345e-06
   2.30417178e-06  8.41200499e-08 -1.42858725e-06 -2.29834129e-07
   2.14774923e-07  1.06122436e-06  1.16849512e-06  7.40479811e-06
   3.06675283e-06  2.49984192e-06 -8.09330595e-08  1.01604256e-06
   2.35198271e-06  1.67396875e-06  1.59597091e-06  2.69725022e-06
   9.10920333e-07  3.61928366e-06 -3.09439944e-07  6.68375906e-07
   1.55519821e-07]]
p_points: 3
stride: 1
Nombre max de matrices par trajectoire: 2
État initial des trajectoires:
Trajectoire 1:
Trajectoire avec 2 matrices de covariance
Trajectoire actuelle:
[[-2.67217309e-07  1.26317470e-06  3.84142450e-07]
 [ 1.26317470e-06  4.71473070e-07  6.99860623e-07]
 [ 3.84142450e-07  6.99860623e-07  2.48823052e-06]]
Trajectoire 2:
Trajectoire avec 2 matrices de covariance
Trajectoire actuelle:
[[ 7.24248225e-07 -4.81305929e-06 -2.04812456e-06]
 [-4.81305929e-06  1.18645581e-06  6.05877772e-06]
 [-2.04812456e-06  6.05877772e-06  6.54733119e-06]]
Trajectoire 3:
Trajectoire avec 2 matrices de covariance
Trajectoire actuelle:
[[ 1.38803733e-07  9.15762146e-07 -7.59092722e-07]
 [ 9.15762146e-07  3.36026534e-06 -2.63645415e-06]
 [-7.59092722e-07 -2.63645415e-06  3.88775232e-06]]
Trajectoire 4:
Trajectoire avec 2 matrices de covariance
Trajectoire actuelle:
[[ 2.86994340e-06  7.24801628e-07  1.55337510e-06]
 [ 7.24801628e-07 -4.44848301e-07  1.91448539e-06]
 [ 1.55337510e-06  1.91448539e-06  1.29238867e-06]]
Trajectoire 5:
Trajectoire avec 2 matrices de covariance
Trajectoire actuelle:
[[ 7.61801577e-07  3.15998418e-06 -9.20543403e-06]
 [ 3.15998418e-06  4.62030217e-06 -2.83176011e-06]
 [-9.20543403e-06 -2.83176011e-06 -1.19175910e-05]]
Trajectoire 6:
Trajectoire avec 2 matrices de covariance
Trajectoire actuelle:
[[-9.66774803e-07  2.15642384e-06 -4.05263975e-07]
 [ 2.15642384e-06  1.28509524e-06  3.31144850e-06]
 [-4.05263975e-07  3.31144850e-06  4.01913163e-06]]
Trajectoire 7:
Trajectoire avec 2 matrices de covariance
Trajectoire actuelle:
[[ 1.81794106e-06 -3.83777741e-07 -1.20419370e-06]
 [-3.83777741e-07  1.62900947e-07 -2.38969145e-07]
 [-1.20419370e-06 -2.38969145e-07  2.13737833e-06]]
Trajectoire 8:
Trajectoire avec 2 matrices de covariance
Trajectoire actuelle:
[[ 3.17837977e-06 -2.19151304e-06 -1.53251875e-06]
 [-2.19151304e-06  3.16727170e-06  1.58040214e-06]
 [-1.53251875e-06  1.58040214e-06  2.03830448e-06]]
Trajectoire 9:
Trajectoire avec 2 matrices de covariance
Trajectoire actuelle:
[[1.95873261e-07 2.55914975e-07 4.97674218e-07]
 [2.55914975e-07 9.62274724e-06 7.89538862e-07]
 [4.97674218e-07 7.89538862e-07 7.95222503e-07]]
Trajectoire 10:
Trajectoire avec 2 matrices de covariance
Trajectoire actuelle:
[[ 8.81965404e-07 -8.57219726e-07 -1.58799192e-06]
 [-8.57219726e-07  1.07859986e-06 -2.25643576e-07]
 [-1.58799192e-06 -2.25643576e-07 -8.38725514e-08]]
Trajectoire 11:
Trajectoire avec 2 matrices de covariance
Trajectoire actuelle:
[[ 2.78655475e-06  1.86326993e-06  7.60060798e-07]
 [ 1.86326993e-06  5.57346614e-07 -2.58645877e-07]
 [ 7.60060798e-07 -2.58645877e-07  8.60092535e-07]]
Trajectoire 12:
Trajectoire avec 1 matrices de covariance
Trajectoire actuelle:
[[ 1.00000029e-06 -4.85819695e-13  2.28246942e-13]
 [-4.85819695e-13  1.00000132e-06 -5.56095932e-13]
 [ 2.28246942e-13 -5.56095932e-13  1.00000024e-06]]

État des trajectoires après ajout de la nouvelle covariance:
Trajectoire 1:
Trajectoire avec 2 matrices de covariance
Trajectoire actuelle:
[[-2.67217309e-07  1.26317470e-06  3.84142450e-07]
 [ 1.26317470e-06  4.71473070e-07  6.99860623e-07]
 [ 3.84142450e-07  6.99860623e-07  2.48823052e-06]]
Trajectoire 2:
Trajectoire avec 2 matrices de covariance
Trajectoire actuelle:
[[ 7.24248225e-07 -4.81305929e-06 -2.04812456e-06]
 [-4.81305929e-06  1.18645581e-06  6.05877772e-06]
 [-2.04812456e-06  6.05877772e-06  6.54733119e-06]]
Trajectoire 3:
Trajectoire avec 2 matrices de covariance
Trajectoire actuelle:
[[ 1.38803733e-07  9.15762146e-07 -7.59092722e-07]
 [ 9.15762146e-07  3.36026534e-06 -2.63645415e-06]
 [-7.59092722e-07 -2.63645415e-06  3.88775232e-06]]
Trajectoire 4:
Trajectoire avec 2 matrices de covariance
Trajectoire actuelle:
[[ 2.86994340e-06  7.24801628e-07  1.55337510e-06]
 [ 7.24801628e-07 -4.44848301e-07  1.91448539e-06]
 [ 1.55337510e-06  1.91448539e-06  1.29238867e-06]]
Trajectoire 5:
Trajectoire avec 2 matrices de covariance
Trajectoire actuelle:
[[ 7.61801577e-07  3.15998418e-06 -9.20543403e-06]
 [ 3.15998418e-06  4.62030217e-06 -2.83176011e-06]
 [-9.20543403e-06 -2.83176011e-06 -1.19175910e-05]]
Trajectoire 6:
Trajectoire avec 2 matrices de covariance
Trajectoire actuelle:
[[-9.66774803e-07  2.15642384e-06 -4.05263975e-07]
 [ 2.15642384e-06  1.28509524e-06  3.31144850e-06]
 [-4.05263975e-07  3.31144850e-06  4.01913163e-06]]
Trajectoire 7:
Trajectoire avec 2 matrices de covariance
Trajectoire actuelle:
[[ 1.81794106e-06 -3.83777741e-07 -1.20419370e-06]
 [-3.83777741e-07  1.62900947e-07 -2.38969145e-07]
 [-1.20419370e-06 -2.38969145e-07  2.13737833e-06]]
Trajectoire 8:
Trajectoire avec 2 matrices de covariance
Trajectoire actuelle:
[[ 3.17837977e-06 -2.19151304e-06 -1.53251875e-06]
 [-2.19151304e-06  3.16727170e-06  1.58040214e-06]
 [-1.53251875e-06  1.58040214e-06  2.03830448e-06]]
Trajectoire 9:
Trajectoire avec 2 matrices de covariance
Trajectoire actuelle:
[[1.95873261e-07 2.55914975e-07 4.97674218e-07]
 [2.55914975e-07 9.62274724e-06 7.89538862e-07]
 [4.97674218e-07 7.89538862e-07 7.95222503e-07]]
Trajectoire 10:
Trajectoire avec 2 matrices de covariance
Trajectoire actuelle:
[[ 8.81965404e-07 -8.57219726e-07 -1.58799192e-06]
 [-8.57219726e-07  1.07859986e-06 -2.25643576e-07]
 [-1.58799192e-06 -2.25643576e-07 -8.38725514e-08]]
Trajectoire 11:
Trajectoire avec 2 matrices de covariance
Trajectoire actuelle:
[[ 2.78655475e-06  1.86326993e-06  7.60060798e-07]
 [ 1.86326993e-06  5.57346614e-07 -2.58645877e-07]
 [ 7.60060798e-07 -2.58645877e-07  8.60092535e-07]]
Trajectoire 12:
Trajectoire avec 1 matrices de covariance
Trajectoire actuelle:
[[ 1.00000029e-06 -4.85819695e-13  2.28246942e-13]
 [-4.85819695e-13  1.00000132e-06 -5.56095932e-13]
 [ 2.28246942e-13 -5.56095932e-13  1.00000024e-06]]

----- Test GestionnaireTrajectoires -----
Données:
[[ 2.77307856e-06  4.41126537e-06  3.79706641e-06  1.74334744e-06
   7.59566395e-07  3.95467475e-06 -3.34480224e-07 -1.10118007e-07
   4.55362223e-06  1.26026134e-06  3.29351071e-07  4.64751706e-06
  -6.03630882e-07 -9.38680612e-07  3.41903334e-06  2.67658751e-07
   1.35466388e-06  1.32676956e-06  1.87846533e-06  2.97645781e-08
  -8.45252395e-07  1.95464250e-06  1.10110934e-06  2.04947253e-06
   2.02428555e-06]
 [ 8.16147344e-07 -1.28695026e-06 -3.31963410e-06  1.06070861e-06
  -2.09341162e-06  2.18532081e-06 -1.04994200e-06  5.42549006e-07
   1.18655733e-06 -1.96384732e-06 -2.47653430e-06 -1.35706808e-06
  -4.35137684e-07  3.85495095e-07 -8.16980241e-07 -1.81556645e-06
   5.56409152e-06  1.01350324e-06 -3.92675838e-07  1.62675385e-06
  -1.08975270e-06  7.17234579e-07  8.47769751e-07 -1.41597517e-06
   5.59463116e-08]
 [ 2.72935729e-06  1.79245074e-06 -2.45401476e-06  1.88275345e-06
   2.30417178e-06  8.41200499e-08 -1.42858725e-06 -2.29834129e-07
   2.14774923e-07  1.06122436e-06  1.16849512e-06  7.40479811e-06
   3.06675283e-06  2.49984192e-06 -8.09330595e-08  1.01604256e-06
   2.35198271e-06  1.67396875e-06  1.59597091e-06  2.69725022e-06
   9.10920333e-07  3.61928366e-06 -3.09439944e-07  6.68375906e-07
   1.55519821e-07]]
p_points: 3
stride: 2
Nombre max de matrices par trajectoire: 3
État initial des trajectoires:
Trajectoire 1:
Trajectoire avec 3 matrices de covariance
Trajectoire actuelle:
[[-3.28216387e-06 -5.47291335e-06 -1.28551107e-06]
 [-5.47291335e-06  2.99375992e-07  6.75652684e-06]
 [-1.28551107e-06  6.75652684e-06  5.10449677e-06]]
Trajectoire 2:
Trajectoire avec 3 matrices de covariance
Trajectoire actuelle:
[[ 7.67125212e-07  2.70077226e-06 -6.26039605e-06]
 [ 2.70077226e-06  1.28035059e-06 -1.64375184e-07]
 [-6.26039605e-06 -1.64375184e-07 -8.49630390e-06]]
Trajectoire 3:
Trajectoire avec 3 matrices de covariance
Trajectoire actuelle:
[[ 6.78402590e-06 -5.47007940e-07 -3.88304253e-06]
 [-5.47007940e-07 -8.31723239e-06 -6.43097602e-07]
 [-3.88304253e-06 -6.43097602e-07  3.64204667e-06]]
Trajectoire 4:
Trajectoire avec 3 matrices de covariance
Trajectoire actuelle:
[[2.64161194e-06 5.76202813e-07 3.91763147e-09]
 [5.76202813e-07 1.67088807e-06 1.81510273e-06]
 [3.91763147e-09 1.81510273e-06 1.57294509e-06]]

État des trajectoires après ajout de la nouvelle covariance:
Trajectoire 1:
Trajectoire avec 3 matrices de covariance
Trajectoire actuelle:
[[-3.28216387e-06 -5.47291335e-06 -1.28551107e-06]
 [-5.47291335e-06  2.99375992e-07  6.75652684e-06]
 [-1.28551107e-06  6.75652684e-06  5.10449677e-06]]
Trajectoire 2:
Trajectoire avec 3 matrices de covariance
Trajectoire actuelle:
[[ 7.67125212e-07  2.70077226e-06 -6.26039605e-06]
 [ 2.70077226e-06  1.28035059e-06 -1.64375184e-07]
 [-6.26039605e-06 -1.64375184e-07 -8.49630390e-06]]
Trajectoire 3:
Trajectoire avec 3 matrices de covariance
Trajectoire actuelle:
[[ 6.78402590e-06 -5.47007940e-07 -3.88304253e-06]
 [-5.47007940e-07 -8.31723239e-06 -6.43097602e-07]
 [-3.88304253e-06 -6.43097602e-07  3.64204667e-06]]
Trajectoire 4:
Trajectoire avec 3 matrices de covariance
Trajectoire actuelle:
[[2.64161194e-06 5.76202813e-07 3.91763147e-09]
 [5.76202813e-07 1.67088807e-06 1.81510273e-06]
 [3.91763147e-09 1.81510273e-06 1.57294509e-06]]

----- Test GestionnaireTrajectoires -----
Données:
[[ 2.77307856e-06  4.41126537e-06  3.79706641e-06  1.74334744e-06
   7.59566395e-07  3.95467475e-06 -3.34480224e-07 -1.10118007e-07
   4.55362223e-06  1.26026134e-06  3.29351071e-07  4.64751706e-06
  -6.03630882e-07 -9.38680612e-07  3.41903334e-06  2.67658751e-07
   1.35466388e-06  1.32676956e-06  1.87846533e-06  2.97645781e-08
  -8.45252395e-07  1.95464250e-06  1.10110934e-06  2.04947253e-06
   2.02428555e-06]
 [ 8.16147344e-07 -1.28695026e-06 -3.31963410e-06  1.06070861e-06
  -2.09341162e-06  2.18532081e-06 -1.04994200e-06  5.42549006e-07
   1.18655733e-06 -1.96384732e-06 -2.47653430e-06 -1.35706808e-06
  -4.35137684e-07  3.85495095e-07 -8.16980241e-07 -1.81556645e-06
   5.56409152e-06  1.01350324e-06 -3.92675838e-07  1.62675385e-06
  -1.08975270e-06  7.17234579e-07  8.47769751e-07 -1.41597517e-06
   5.59463116e-08]
 [ 2.72935729e-06  1.79245074e-06 -2.45401476e-06  1.88275345e-06
   2.30417178e-06  8.41200499e-08 -1.42858725e-06 -2.29834129e-07
   2.14774923e-07  1.06122436e-06  1.16849512e-06  7.40479811e-06
   3.06675283e-06  2.49984192e-06 -8.09330595e-08  1.01604256e-06
   2.35198271e-06  1.67396875e-06  1.59597091e-06  2.69725022e-06
   9.10920333e-07  3.61928366e-06 -3.09439944e-07  6.68375906e-07
   1.55519821e-07]]
p_points: 3
stride: 3
Nombre max de matrices par trajectoire: 4
État initial des trajectoires:
Trajectoire 1:
Trajectoire avec 4 matrices de covariance
Trajectoire actuelle:
[[-3.47948728e-06 -2.29975300e-06 -8.75842911e-06]
 [-2.29975300e-06  4.96249127e-06  3.54397248e-06]
 [-8.75842911e-06  3.54397248e-06 -4.56105743e-06]]
Trajectoire 2:
Trajectoire avec 4 matrices de covariance
Trajectoire actuelle:
[[ 6.60777684e-06 -7.65099707e-07 -4.61984500e-06]
 [-7.65099707e-07 -2.37996325e-07  4.52229039e-08]
 [-4.61984500e-06  4.52229039e-08 -3.68196887e-07]]

État des trajectoires après ajout de la nouvelle covariance:
Trajectoire 1:
Trajectoire avec 4 matrices de covariance
Trajectoire actuelle:
[[-3.47948728e-06 -2.29975300e-06 -8.75842911e-06]
 [-2.29975300e-06  4.96249127e-06  3.54397248e-06]
 [-8.75842911e-06  3.54397248e-06 -4.56105743e-06]]
Trajectoire 2:
Trajectoire avec 4 matrices de covariance
Trajectoire actuelle:
[[ 6.60777684e-06 -7.65099707e-07 -4.61984500e-06]
 [-7.65099707e-07 -2.37996325e-07  4.52229039e-08]
 [-4.61984500e-06  4.52229039e-08 -3.68196887e-07]]

